[NegocioData]
Tipo = 6
Nombre = Negocio sin nombre
Info = Bienvenido.
Dueño = Sin Dueño
Extortion = Nadie
ExteriorX = 1191.872070
ExteriorY = -1130.662841
ExteriorZ = 23.909112
InteriorX = 1003.539611
InteriorY = 52.106327
InteriorZ = 55.322116
Interior = 1
MiscX = 0.000000
MiscY = 0.000000
MiscZ = 0.000000
MiscR = 0.000000
Ganancias = 3100
Precio = 250000
Stock = -5
Locked = 0
Level = 10
